
错误节点的详细信息--->: -3502.53873717
当前节点长度---->> 785
-0.0
-0.0
-0.0
0.0
-0.0
-0.0
-0.0
0.0
-0.0
0.0
-0.0
0.0
0.0
-0.0
0.0
-0.0
-0.0
-0.0
-0.0
-0.0
0.0
-0.0
0.0
-0.0
0.0
0.0
0.0
0.0
0.0
0.0
-0.0
0.0
-0.0
-0.0
0.0
0.0
-0.0
0.0
0.0
-0.0
-0.0
0.0
0.0
-0.0
0.0
-0.0
0.0
0.0
-0.0
-0.0
-0.0
0.0
0.0
-0.0
-0.0
-0.0
0.0
0.0
0.0
0.0
-0.0
0.0
0.0
0.0
0.0
0.0
0.0
-0.0
0.0
-0.0
0.0
0.0
-0.0
-0.0
0.0
-0.0
0.0
-0.0
0.0
0.0
0.0
-0.0
0.0
-0.0
0.0
-0.0
0.0
0.0
0.0
-0.0
-0.0
-0.0
0.0
0.0
-0.0
-0.0
0.0
-0.0
-0.0
0.0
0.0
0.0
-0.0
0.0
0.0
-0.0
0.0
0.0
-0.0
-0.0
0.0
0.0
-0.0
0.0
0.0
-0.0
-0.0
0.0
-0.0
0.0
-0.0
0.0
-0.0
-0.0
-0.0
0.0
0.0
2.16790670116
13.8745115512
16.9971347903
6.03044827605
-3.37413419474
0.0
-0.0
-0.0
0.0
0.0
0.0
0.0
-0.0
0.0
-0.0
-0.0
-0.0
-0.0
0.0
0.0
0.0
-0.0
-0.0
0.0
-0.0
-0.0
-0.0
-5.36244354586
-9.24307700059
-16.4928842588
-53.1835415229
-41.5699660516
-27.5135567588
-0.0
-0.0
-0.0
-0.0
0.0
0.0
-0.0
-0.0
0.0
0.0
0.0
-0.0
0.0
-0.0
-0.0
-0.0
0.0
0.0
-0.0
-0.0
-0.0
-10.9744933228
-71.1328005135
-62.5702553852
-48.4135259688
-73.9278383356
-38.6429578787
-45.8517394713
-9.22723310442
-0.876774771642
-0.0
-0.0
0.0
0.0
-0.0
-0.0
-0.0
-0.0
0.0
-0.0
0.0
0.0
0.0
-0.0
-0.0
-0.0
-0.0
-1.72431976076
-20.0631888701
-69.4577660313
-61.9289653449
-51.7926763418
-46.0214327513
-36.3588741003
-6.45608327276
-45.1247433401
-13.6777308012
0.0160460999489
-0.0
0.0
-0.0
-0.0
-0.0
0.0
-0.0
0.0
-0.0
-0.0
-0.0
0.0
-0.0
-0.0
-0.0
-0.0
-0.0
-48.1309239096
-87.2579371695
-53.4568746023
-52.784423221
-45.0100336993
-82.1453840625
-81.4052988597
1.30845210624
15.7464289281
3.02001987053
11.1014278069
-0.0
0.0
0.0
-0.0
-0.0
0.0
0.0
0.0
-0.0
-0.0
0.0
-0.0
0.0
-0.0
-0.0
-0.0
-3.11512399118
-68.403294021
-51.5046303948
-70.1804717097
-12.8020200666
-1.79624465998
-4.6636381604
-31.4501512326
-3.01408591452
-5.32986561623
10.8361836173
-0.943665019823
-0.0
-0.0
-0.0
-0.0
-0.0
0.0
-0.0
0.0
0.0
0.0
-0.0
0.0
0.0
0.0
-0.0
1.05465191311
8.1304621204
-19.4653525264
-46.622623014
-32.4407025692
1.11318852622
4.9952028554
-4.75606179166
0.0042206953584
-0.0
-0.0
-13.2751178308
-11.6349972973
-4.93541663882
0.0
0.0
0.0
0.0
-0.0
-0.0
0.0
0.0
0.0
0.0
-0.0
0.0
-0.0
-3.765767631
11.908123986
-23.3073215363
-40.482875444
-71.8250166546
-15.8204659179
-0.0
-0.0
-0.0
0.0
0.0
0.0
-0.380684145937
23.9136301366
-9.5393582942
0.0
0.0
-0.0
-0.0
-0.0
-0.0
0.0
0.0
-0.0
0.0
0.0
-0.0
-0.134733104635
12.7993008284
11.1881267671
-19.1012484629
4.04413499253
-3.8143811209
-7.1279075215
-0.0
-0.0
-0.0
-0.0
0.0
0.0
-15.9387035194
0.335873636567
14.9555607456
-0.0
0.0
0.0
-0.0
-0.0
-0.0
-0.0
0.0
0.0
0.0
-0.0
-0.0
-4.67438535094
20.7435293382
12.9733705106
-4.27492733778
0.0
-0.0
-0.0
-0.0
-0.0
-0.0
-0.0
-0.0
0.0
-11.6475865801
-6.54117536666
3.28586821366
0.0
-0.0
-0.0
-0.0
-0.0
0.0
-0.0
0.0
-0.0
0.0
-0.0
0.0
13.4835218623
-2.35471079739
9.80149434671
-0.0
0.0
-0.0
-0.0
-0.0
-0.0
-0.0
-0.0
-0.0
-0.0
-5.34661402945
-12.9279883581
-2.95202012157
-0.0
-0.0
-0.0
0.0
0.0
0.0
-0.0
0.0
0.0
-0.0
0.0
4.41504537051
-1.00332366089
8.89777256706
-2.00813461422
0.0
0.0
0.0
0.0
-0.0
-0.0
-0.0
-0.0
-0.0
-0.0
-11.0742068624
-14.2764171836
-5.5826328775
0.0
-0.0
-0.0
0.0
-0.0
0.0
0.0
-0.0
0.0
0.0
-0.0
3.98825277156
-3.64614685834
5.15063409578
-1.81551442982
0.0
0.0
-0.0
-0.0
-0.0
-0.0
-0.0
-0.0
-2.30240730475
-37.3977434267
-17.1038318832
8.89858270421
-0.210456424013
0.0
-0.0
-0.0
0.0
-0.0
0.0
0.0
-0.0
-0.0
0.0
-0.0
4.46410394841
-19.6696851899
3.21766125389
0.0
0.0
-0.0
-0.0
0.0
-0.0
-0.0
0.0
-2.04251627088
-33.4549586386
-37.4069614804
-10.4948604406
0.294250348345
0.0
0.0
-0.0
0.0
0.0
-0.0
0.0
-0.0
-0.0
0.0
-0.0
0.0
5.59847791383
2.77699435212
6.52734944423
0.0
-0.0
0.0
0.0
0.0
-0.0
-0.0
-4.12776579502
-57.0099383172
-68.7630652452
-24.4007354399
0.0
-0.0
-0.0
-0.0
-0.0
-0.0
0.0
0.0
0.0
0.0
-0.0
-0.0
0.0
-0.0
-5.21306636833
-13.6115189103
13.6992825498
-0.0
0.0
0.0
-0.0
-0.0
-0.0
-18.7265355589
-66.9811264234
-44.0357922479
-46.5990686962
-0.0
-0.0
0.0
0.0
-0.0
0.0
-0.0
0.0
-0.0
-0.0
0.0
0.0
-0.0
-0.0
0.0
1.63491821135
6.68570962677
-14.7073483955
4.51588539119
2.70654453006
-0.607506156806
-13.440553867
-57.8805402311
-37.5851733981
-54.6665560739
-68.9575989144
-20.4398959864
-9.36365622367
0.0
0.0
0.0
0.0
0.0
0.0
-0.0
-0.0
0.0
0.0
0.0
0.0
-0.0
-0.0
-0.0
6.59348131836
-11.198984313
-15.9501026362
8.1088430998
-29.0367339799
-36.724232906
-64.6350383161
-78.207877918
-43.8004101545
-41.2297289374
-2.30585875933
0.0
0.0
-0.0
0.0
-0.0
0.0
0.0
-0.0
-0.0
0.0
-0.0
0.0
0.0
0.0
-0.0
0.0
0.0
-2.87988620658
-34.1839052492
-44.5955939928
-79.0055169733
-81.5926603169
-50.4801017589
-64.9163534458
-65.1568489673
-6.19575217011
-0.0
0.0
-0.0
-0.0
0.0
0.0
0.0
0.0
0.0
0.0
0.0
0.0
0.0
-0.0
-0.0
-0.0
-0.0
-0.0
-0.0
-0.0
-6.19152947123
-27.8240573909
-86.3001140372
-56.1516282001
-81.9087144221
-26.2544455717
-3.70435557414
0.0
0.0
-0.0
0.0
0.0
-0.0
0.0
0.0
0.0
0.0
-0.0
0.0
-0.0
-0.0
-0.0
-0.0
0.0
0.0
-0.0
-0.0
-0.0
-0.0
-0.0
-0.0
-0.0
-0.0
-0.0
-0.0
0.0
0.0
0.0
-0.0
0.0
-0.0
-0.0
0.0
0.0
0.0
-0.0
-0.0
0.0
-0.0
-0.0
-0.0
0.0
-0.0
-0.0
-0.0
-0.0
0.0
-0.0
0.0
0.0
0.0
-0.0
0.0
0.0
-0.0
-0.0
-0.0
-0.0
-0.0
0.0
0.0
-0.0
0.0
0.0
0.0
0.0
0.0
-0.0
0.0
0.0
-0.0
-0.0
-0.0
-0.0
-0.0
0.0
0.0
-0.0
0.0
-0.0
0.0
0.0
-0.0
0.0
0.0
0.0
0.0
-0.0
0.0
0.0
-0.0
-0.0
-0.0
-0.0
-0.0
0.0
-0.0
0.0
-0.0
-0.0
-0.0
0.0
-0.0
-0.0
-0.0
0.0
-0.0
-0.0
-0.0
0.0
-0.0
-0.0
0.0
-0.0
-0.0
-0.0
-0.0
0.0
-0.0
0.0
0.0
0.0
-0.0
-0.0584644517677